(20,5) -> (19,6)
(19,6) -> (20,7)
(20,7) -> (21,8)
(21,8) -> (22,8)
(22,8) -> (23,8)
(23,8) -> (24,9)
(24,9) -> (24,10)
(24,10) -> (23,11)
(23,11) -> (23,12)
(23,12) -> (23,13)
(23,13) -> (23,14)
(23,14) -> (22,15)
(22,15) -> (21,16)
(21,16) -> (21,17)
(21,17) -> (20,18)
(20,18) -> (20,19)
(20,19) -> (20,20)
(20,20) -> (21,21)
(21,21) -> (20,22)
(20,22) -> (20,23)
(20,23) -> (21,24)
(21,24) -> (21,25)
(21,25) -> (20,26)
(20,26) -> (19,27)
(19,27) -> (18,27)
(18,27) -> (17,28)
(17,28) -> (17,29)
(17,29) -> (17,30)
(17,30) -> (18,31)
(18,31) -> (18,32)
(18,32) -> (18,33)
(18,33) -> (17,34)
(17,34) -> (16,35)
(16,35) -> (15,35)
(15,35) -> (14,36)
(14,36) -> (13,37)
(13,37) -> (12,38)
(12,38) -> (12,39)
(12,39) -> (11,40)
(11,40) -> (11,41)
(11,41) -> (10,42)
(10,42) -> (9,43)
(9,43) -> (8,43)
(8,43) -> (7,44)
(7,44) -> (6,43)
